homo
1.0
90000
0.1
0.15
0.2
0.12
0.25
0.23
0.11
0.32
0.28
0.18
0.3
0.45
0.13
0.16
0.10
0.17
0.33
0.125
0.53
0.42
0.199
0.015
0.1
0.15
0.2
0.12
0.25
0.23
0.11
0.32
0.28
0.18
0.3
0.45
0.13
0.16
0.10
0.17
0.33
0.125
0.53
0.42
0.199
0.015
0.1
0.15
0.2
0.12
0.25
0.23
0.11
0.32
0.28
0.18
0.3
0.45
0.13
0.16
0.10
0.17
0.33
0.125
0.53
0.42
0.199
0.015
0.1
0.15
0.2
0.12
0.25
0.23
0.11
0.32
0.28
0.18
0.3
0.45
0.13
0.16
0.10
0.17
0.33
0.125
0.53
0.42
0.199
0.015
0.1
0.15
0.2
0.12
0.25
0.23
0.11
0.32
0.28
0.18
0.3
0.45
0.13
0.16
0.10
0.17
0.33
0.125
0.53
0.42
0.199
0.015
0.1
0.15
0.2
0.12
0.25
0.23
0.11
0.32
0.28
0.18
0.3
0.45
0.13
0.16
0.10
0.17
0.33
0.125
0.53
0.42
0.199
0.015
0.1
0.15
0.2
0.12
0.25
0.23
0.11
0.32
0.28
0.18
0.3
0.45
0.13
0.16
0.10
0.17
0.33
0.125
0.53
0.42
0.199
0.015
0.1
0.15
0.2
0.12
0.25
0.23
0.11
0.32
0.28
0.18
0.3
0.45
0.13
0.16
0.10
0.17
0.33
0.125
0.53
0.42
0.199
0.015
0.1
0.15
0.2
0.12
0.25
0.23
0.11
0.32
0.28
0.18
0.3
0.45
0.13
0.16
0.10
0.17
0.33
0.125
0.53
0.42
0.199
0.015
0.1
0.15
0.2
0.12
0.25
0.23
0.11
0.32
0.28
0.18
0.3
0.45
0.13
0.16
0.10
0.17
0.33
0.125
0.53
0.42
0.199
0.015
0.1
0.15
0.2
0.12
0.25
0.23
0.11
0.32
0.28
0.18
0.3
0.45
0.13
0.16
0.10
0.17
0.33
0.125
0.53
0.42
0.199
0.015
0.1
0.15
0.2
0.12
0.25
0.23
0.11
0.32
0.28
0.18
0.3
0.45
0.13
0.16
0.10
0.17
0.33
0.125
0.53
0.42
0.199
0.015
0.1
0.15
0.2
0.12
0.25
0.23
0.11
0.32
0.28
0.18
0.3
0.45
0.13
0.16
0.10
0.17
0.33
0.125
0.53
0.42
0.199
0.015
0.1
0.15
0.2
0.12
0.25
0.23
0.11
0.32
0.28
0.18
0.3
0.45
0.13
0.16
0.10
0.17
0.33
0.125
0.53
0.42
0.199
0.015
0.1
0.15
0.2
0.12
0.25
0.23
0.11
0.32
0.28
0.18
0.3
0.45
0.13
0.16
0.10
0.17
0.33
0.125
0.53
0.42
0.199
0.015
0.1
0.15
0.2
0.12
0.25
0.23
0.11
0.32
0.28
0.18
0.3
0.45
0.13
0.16
0.10
0.17
0.33
0.125
0.53
0.42
0.199
0.015
0.1
0.15
0.2
0.12
0.25
0.23
0.11
0.32
0.28
0.18
0.3
0.45
0.13
0.16
0.10
0.17
0.33
0.125
0.53
0.42
0.199
0.015
0.1
0.15
0.2
0.12
0.25
0.23
0.11
0.32
0.28
0.18
0.3
0.45
0.13
0.16
0.10
0.17
0.33
0.125
0.53
0.42
0.199
0.015
0.1
0.15
0.2
0.12
0.25
0.23
0.11
0.32
0.28
0.18
0.3
0.45
0.13
0.16
0.10
0.17
0.33
0.125
0.53
0.42
0.199
0.015
0.1
0.15
0.2
0.12
0.25
0.23
0.11
0.32
0.28
0.18
0.3
0.45
0.13
0.16
0.10
0.17
0.33
0.125
0.53
0.42
0.199
0.015
0.1
0.15
0.2
0.12
0.25
0.23
0.11
0.32
0.28
0.18
0.3
0.45
0.13
0.16
0.10
0.17
0.33
0.125
0.53
0.42
0.199
0.015
0.1
0.15
0.2
0.12
0.25
0.23
0.11
0.32
0.28
0.18
0.3
0.45
0.13
0.16
0.10
0.17
0.33
0.125
0.53
0.42
0.199
0.015
0.1
0.15
0.2
0.12
0.25
0.23
0.11
0.32
0.28
0.18
0.3
0.45
0.13
0.16
0.10
0.17
0.33
0.125
0.53
0.42
0.199
0.015
0.1
0.15
0.2
0.12
0.25
0.23
0.11
0.32
0.28
0.18
0.3
0.45
0.13
0.16
0.10
0.17
0.33
0.125
0.53
0.42
0.199
0.015
0.17
0.33
0.125
0.53
0.42
0.199
0.015
0.1
0.15
0.2
0.12
0.25
0.23
0.11
0.32
0.28
0.18
0.3
0.45
0.13
0.16
0.10
0.17
0.33
0.125
0.53
0.42
0.199
0.015
0.1
0.15
0.2
0.12
0.25
0.23
0.11
0.32
0.28
0.18
0.3
0.45
0.13
0.16
0.10
0.17
0.33
0.125
0.53
0.42
0.199
0.015
0.1
0.15
0.2
0.12
0.25
0.23
0.11
0.32
0.28
0.18
0.3
0.45
0.13
0.16
0.10
0.17
0.33
0.125
0.53
0.42
0.199
0.015
0.12
0.25
0.23
0.11
0.32
0.28
0.18
0.3
0.45
0.13
0.16
0.10
0.17
0.33
0.125
0.53
0.42
0.199
0.015
0.1
0.15
0.2
0.12
0.25
0.23
0.11
0.32
0.28
0.18
0.3
0.45
0.13
0.16
0.10
0.17
0.33
0.125
0.53
0.42
0.199
0.015
0.1
0.15
0.2
0.12
0.25
0.23
0.11
0.32
0.28
0.18
0.3
0.45
0.13
0.16
0.10
0.17
0.33
0.125
0.53
0.42
0.199
0.015
0.1
0.15
0.2
0.12
0.25
0.23
0.11
0.32
0.28
0.18
0.3
0.45
0.13
0.16
0.10
0.17
0.33
0.125
0.53
0.42
0.199
0.015
0.1
0.15
0.2
0.12
0.25
0.23
0.11
0.32
0.28
0.18
0.3
0.45
0.13
0.16
0.10
0.17
0.33
0.125
0.53
0.42
0.199
0.015
0.1
0.15
0.2
0.12
0.25
0.23
0.11
0.32
0.28
0.18
0.3
0.45
0.13
0.16
0.10
0.17
0.33
0.125
0.53
0.42
0.199
0.015
0.1
0.15
0.2
0.12
0.25
0.23
0.11
0.32
0.28
0.18
0.3
0.45
0.13
0.16
0.10
0.17
0.33
0.125
0.53
0.42
0.199
0.015
0.1
0.15
0.2
0.12
0.25
0.23
0.11
0.32
0.28
0.18
0.3
0.45
0.13
0.16
0.10
0.17
0.33
0.125
0.53
0.42
0.199
0.015
0.1
0.15
0.2
0.12
0.25
0.23
0.11
0.32
0.28
0.18
0.3
0.45
0.13
0.16
0.10
0.17
0.33
0.125
0.53
0.42
0.199
0.015
0.1
0.15
0.2
0.12
0.25
0.23
0.11
0.32
0.28
0.18
0.3
0.45
0.13
0.16
0.10
0.17
0.33
0.125
0.53
0.42
0.199
0.015
0.1
0.15
0.2
0.12
0.25
0.23
0.11
0.32
0.28
0.18
0.3
0.45
0.13
0.16
0.10
0.17
0.33
0.125
0.53
0.42
0.199
0.015
0.1
0.15
0.2
0.12
0.25
0.23
0.11
0.32
0.28
0.18
0.3
0.45
0.13
0.16
0.10
0.17
0.33
0.125
0.53
0.42
0.199
0.015
0.1
0.15
0.2
0.12
0.25
0.23
0.11
0.32
0.28
0.18
0.3
0.45
0.13
0.16
0.10
0.17
0.33
0.125
0.53
0.42
0.199
0.015
0.1
0.15
0.2
0.12
0.25
0.23
0.11
0.32
0.28
0.18
0.3
0.45
0.13
0.16
0.10
0.17
0.33
0.125
0.53
0.42
0.199
0.015
0.1
0.15
0.2
0.12
0.25
0.23
0.11
0.32
0.28
0.18
0.3
0.45
0.13
0.16
0.10
0.17
0.33
0.125
0.53
0.42
0.199
0.015
0.17
0.33
0.125
0.53
0.42
0.199
0.015
0.1
0.15
0.2
0.12
0.25
0.23
0.11
0.32
0.28
0.18
0.3
0.45
0.13
0.16
0.10
0.17
0.33
0.125
0.53
0.42
0.199
0.015
0.1
0.15
0.2
0.12
0.25
0.23
0.11
0.32
0.28
0.18
0.3
0.45
0.13
0.16
0.10
0.17
0.33
0.125
0.53
0.42
0.199
0.015
0.1
0.15
0.2
0.12
0.25
0.23
0.11
0.32
0.28
0.18
0.3
0.45
0.13
0.16
0.10
0.17
0.33
0.125
0.53
0.42
0.199
0.015
0.1
0.15
0.2
0.12
0.25
0.23
0.11
0.32
0.28
0.18
0.3
0.45
0.13
0.16
0.10
0.17
0.33
0.125
0.53
0.42
0.199
0.015
0.1
0.15
0.2
0.12
0.25
0.23
0.11
0.32
0.28
0.18
0.3
0.45
0.13
0.16
0.10
0.17
0.33
0.125
0.53
0.42
0.199
0.015
0.1
0.15
0.2
0.12
0.25
0.23
0.11
0.32
0.28
0.18
0.3
0.45
0.13
0.16
0.10
0.17
0.33
0.125
0.53
0.42
0.199
0.015
0.1
0.15
0.2
0.12
0.25
0.23
0.11
0.32
0.28
0.18
0.3
0.45
0.13
0.16
0.10
0.17
0.33
0.125
0.53
0.42
0.199
0.015
0.1
0.15
0.2
0.12
0.25
0.23
0.11
0.32
0.28
0.18
0.3
0.45
0.13
0.16
0.10
0.17
0.33
0.125
0.53
0.42
0.199
0.015
0.1
0.15
0.2
0.12
0.25
0.23
0.11
0.32
0.28
0.18
0.3
0.45
0.13
0.16
0.10
0.17
0.33
0.125
0.53
0.42
0.199
0.015
0.1
0.15
0.2
0.12
0.25
0.23
0.11
0.32
0.28
0.18
0.3
0.45
0.13
0.16
0.10
0.17
0.33
0.125
0.53
0.42
0.199
0.015
0.1
0.15
0.2
0.12
0.25
0.23
0.11
0.32
0.28
0.18
0.3
0.45
0.13
0.16
0.10
0.17
0.33
0.125
0.53
0.42
0.199
0.015
0.1
0.15
0.2
0.12
0.25
0.23
0.11
0.32
0.28
0.18
0.3
0.45
0.13
0.16
0.10
0.17
0.33
0.125
0.53
0.42
0.199
0.015
0.1
0.15
0.2
0.12
0.25
0.23
0.11
0.32
0.28
0.18
0.3
0.45
0.13
0.16
0.10
0.17
0.33
0.125
0.53
0.42
0.199
0.015
0.1
0.15
0.2
0.12
0.25
0.23
0.11
0.32
0.28
0.18
0.3
0.45
0.13
0.16
0.10
0.17
0.33
0.125
0.53
0.42
0.199
0.015
0.1
0.15
0.2
0.12
0.25
0.23
0.11
0.32
0.28
0.18
0.3
0.45
0.13
0.16
0.10
0.17
0.33
0.125
0.53
0.42
0.199
0.015
0.1
0.15
0.2
0.12
0.25
0.23
0.11
0.32
0.28
0.18
0.3
0.45
0.13
0.16
0.10
0.17
0.33
0.125
0.53
0.42
0.199
0.015
0.1
0.15
0.2
0.12
0.25
0.23
0.11
0.32
0.28
0.18
0.3
0.45
0.13
0.16
0.10
0.17
0.33
0.125
0.53
0.42
0.199
0.015
0.1
0.15
0.2
0.12
0.25
0.23
0.11
0.32
0.28
0.18
0.3
0.45
0.13
0.16
0.10
0.17
0.33
0.125
0.53
0.42
0.199
0.015
0.1
0.15
0.2
0.12
0.25
0.23
0.11
0.32
0.28
0.18
0.3
0.45
0.13
0.16
0.10
0.17
0.33
0.125
0.53
0.42
0.199
0.015
0.1
0.15
0.2
0.12
0.25
0.23
0.11
0.32
0.28
0.18
0.3
0.45
0.13
0.16
0.10
0.17
0.33
0.125
0.53
0.42
0.199
0.015
0.1
0.15
0.2
0.12
0.25
0.23
0.11
0.32
0.28
0.18
0.3
0.45
0.13
0.16
0.10
0.17
0.33
0.125
0.53
0.42
0.199
0.015
0.1
0.15
0.2
0.12
0.25
0.23
0.11
0.32
0.28
0.18
0.3
0.45
0.13
0.16
0.10
0.17
0.33
0.125
0.53
0.42
0.199
0.015
0.1
0.15
0.2
0.12
0.25
0.23
0.11
0.32
0.28
0.18
0.3
0.45
0.13
0.16
0.10
0.17
0.33
0.125
0.53
0.42
0.199
0.015
0.1
0.15
0.2
0.12
0.25
0.23
0.11
0.32
0.28
0.18
0.3
0.45
0.13
0.16
0.10
0.17
0.33
0.125
0.53
0.42
0.199
0.015
0.1
0.15
0.2
0.12
0.25
0.23
0.11
0.32
0.28
0.18
0.3
0.45
0.13
0.16
0.10
0.17
0.33
0.125
0.53
0.42
0.199
0.015
0.1
0.15
0.2
0.12
0.25
0.23
0.11
0.32
0.28
0.18
0.3
0.45
0.13
0.16
0.10
0.17
0.33
0.125
0.53
0.42
0.199
0.015
0.41
0.15
0.32
0.12
0.25
0.23
0.11
0.32
0.28
0.18
0.43
0.45
0.13
0.16
0.10
0.17
0.33
0.125
0.53
0.42
0.199
0.015
0.17
0.33
0.125
0.53
0.42
0.199
0.015
0.51
0.15
0.62
0.12
0.25
0.23
0.11
0.32
0.28
0.18
0.3
0.45
0.13
0.16
0.10
0.17
0.33
0.125
0.53
0.42
0.199
0.015
0.14
0.15
0.2
0.12
0.25
0.23
0.11
0.32
0.28
0.168
0.3
0.45
0.13
0.16
0.710
0.17
0.33
0.125
0.53
0.42
0.199
0.015
0.54
0.15
0.2
0.12
0.25
0.23
0.11
0.32
0.828
0.18
0.3
0.45
0.13
0.16
0.19
0.17
0.33
0.125
0.53
0.42
0.199
0.015
0.12
0.25
0.23
0.11
0.32
0.28
0.18
0.3
0.45
0.13
0.16
0.140
0.17
0.33
0.125
0.53
0.42
0.199
0.015
0.24
0.15
0.2
0.12
0.25
0.23
0.11
0.32
0.28
0.18
0.3
0.45
0.13
0.16
0.10
0.157
0.33
0.125
0.53
0.42
0.199
0.015
0.04
0.15
0.2
0.12
0.25
0.23
0.11
0.32
0.28
0.18
0.3
0.45
0.13
0.16
0.10
0.17
0.33
0.125
0.53
0.42
0.199
0.015
0.34
0.15
0.2
0.12
0.25
0.23
0.11
0.32
0.28
0.18
0.3
0.45
0.13
0.16
0.10
0.17
0.33
0.125
0.53
0.42
0.199
0.015
0.34
0.15
0.2
0.12
0.25
0.23
0.11
0.32
0.28
0.18
0.3
0.45
0.13
0.16
0.10
0.17
0.33
0.125
0.53
0.42
0.199
0.015
0.12
0.15
0.2
0.12
0.25
0.23
0.101
0.32
0.28
0.18
0.3
0.45
0.13
0.16
0.10
0.167
0.33
0.125
0.53
0.42
0.199
0.015
0.17
0.15
0.2
0.12
0.25
0.23
0.191
0.32
0.28
0.148
0.3
0.45
0.13
0.176
0.10
0.137
0.33
0.125
0.53
0.42
0.199
0.015
0.27
0.15
0.2
0.12
0.25
0.23
0.11
0.32
0.28
0.18
0.3
0.45
0.13
0.16
0.10
0.17
0.33
0.125
0.53
0.42
0.199
0.015
0.57
0.15
0.2
0.12
0.25
0.23
0.11
0.32
0.28
0.18
0.3
0.45
0.13
0.16
0.10
0.17
0.33
0.125
0.53
0.42
0.199
0.015
0.27
0.15
0.2
0.12
0.25
0.23
0.11
0.32
0.28
0.18
0.3
0.45
0.13
0.16
0.10
0.17
0.33
0.125
0.53
0.42
0.199
0.015
0.29
0.15
0.2
0.12
0.25
0.23
0.11
0.32
0.28
0.18
0.3
0.45
0.13
0.16
0.10
0.17
0.33
0.125
0.53
0.42
0.199
0.015
0.29
0.15
0.2
0.12
0.25
0.23
0.11
0.32
0.28
0.18
0.3
0.45
0.13
0.16
0.10
0.17
0.33
0.125
0.53
0.42
0.199
0.015
0.23
0.15
0.2
0.12
0.25
0.23
0.11
0.32
0.28
0.18
0.3
0.45
0.13
0.16
0.10
0.17
0.33
0.125
0.53
0.42
0.199
0.015
0.1
0.15
0.2
0.12
0.25
0.23
0.11
0.32
0.28
0.18
0.3
0.45
0.13
0.16
0.10
0.17
0.33
0.125
0.53
0.42
0.199
0.015
0.1
0.15
0.2
0.12
0.25
0.23
0.11
0.32
0.28
0.18
0.3
0.45
0.13
0.16
0.10
0.17
0.33
0.125
0.53
0.42
0.199
0.015
0.17
0.33
0.125
0.53
0.42
0.199
0.015
0.273
0.15
0.2
0.12
0.25
0.23
0.11
0.32
0.28
0.18
0.3
0.45
0.13
0.16
0.10
0.17
0.33
0.125
0.53
0.42
0.199
0.015
0.213
0.15
0.2
0.12
0.25
0.23
0.11
0.32
0.28
0.18
0.3
0.45
0.13
0.16
0.10
0.17
0.33
0.125
0.53
0.42
0.199
0.015
0.1
0.15
0.2
0.12
0.25
0.23
0.11
0.32
0.28
0.18
0.3
0.45
0.13
0.16
0.10
0.17
0.33
0.125
0.53
0.42
0.199
